6432300122177950
6432300122177996
6432300122177981
6432300122177544
6432300122178003
6432300122178022
6432300122178040
6432300122177967
6432300122178035
6432300122178071
6432300122178058
6432300122178097
6432300122178066
6432300122178089
6432300122177803
6432300122178101
6432300122177840
6432300122178119
6432300122178164
6432300122178157
6432300122178136
6432300122178172
6432300122178190
6432300122178188
6432300122178211
6432300122178228
6432300122178246
6432300122178200
6432300122178277
6432300122178292
6432300122178233
6432300122178306
6432300122178284
6432300122178321
6432300122178349
6432300122178362
6432300122178380
6432300122178378
6432300122178337
6432300122178393
6432300122178409
6432300122178417
6432300122178426
6432300122178432
6432300122178470
6432300122178455
6432300122178468
6432300122178510
6432300122178491
6432300122178529
6432300122178483
6432300122178552
6432300122178505
6432300122178573
6432300122178567
6432300122178607
6432300122178581
6432300122178596
6432300122178625
6432300122178642
6432300122178548
6432300122178699
6432300122178686
6432300122178741
6432300122178713
6432300122178756
6432300122178738
6432300122178816
6432300122178779
6432300122178802
6432300122178795
6432300122178824
6432300122178782
6432300122178843
6432300122178839
6432300122178931
6432300122178898
6432300122178908
6432300122178920
6432300122178953
6432300122178969
6432300122178976
6432300122178994
6432300122178985
6432300122179011
6432300122178265
6432300122179024
6432300122179039
6432300122178618
6432300122276617
6432300122179008
6432300122179050
6432300122179082
6432300122179073
6432300122179067
6432300122179103
6432300122179112
6432300122178663
6432300122179096
6432300122178674